28
-109.200000 -8.450000
-109.200000 6.240000
-93.600000 -11.830000
-93.600000 9.750000
-78.000000 -13.520000
-78.000000 12.870000
-62.400000 -15.730000
-62.400000 15.600000
-46.800000 -16.900000
-46.800000 16.770000
-31.200000 -17.160000
-31.200000 17.030000
-15.600000 -17.680000
-15.600000 17.550000
0.000000 -17.680000
0.000000 17.550000
15.600000 -17.420000
15.600000 17.290000
31.200000 -16.640000
31.200000 16.510000
46.800000 -15.210000
46.800000 15.080000
62.400000 -13.520000
62.400000 13.390000
78.000000 -10.790000
78.000000 10.660000
93.600000 -9.620000
93.600000 9.490000
0.000000 0.000000
0.000000 0.000000
0.000000 0.000000
0.000000 0.000000
