26
-90.000000 -4.875000
-90.000000 4.750000
-75.000000 -7.875000
-75.000000 7.750000
-60.000000 -10.500000
-60.000000 10.375000
-45.000000 -12.250000
-45.000000 12.125000
-30.000000 -13.375000
-30.000000 13.250000
-15.000000 -13.625000
-15.000000 13.500000
0.000000 -13.625000
0.000000 13.500000
15.000000 -13.250000
15.000000 13.000000
30.000000 -12.250000
30.000000 12.125000
45.000000 -10.750000
45.000000 10.625000
60.000000 -8.125000
60.000000 8.000000
75.000000 -6.125000
75.000000 5.875000
90.000000 -3.500000
90.000000 3.375000
0.000000 0.000000
0.000000 0.000000
0.000000 0.000000
0.000000 0.000000
0.000000 0.000000
0.000000 0.000000
