28
-109.200000 -4.940000
-109.200000 4.680000
-93.600000 -7.670000
-93.600000 7.410000
-78.000000 -9.880000
-78.000000 9.750000
-62.400000 -11.830000
-62.400000 11.700000
-46.800000 -12.870000
-46.800000 12.610000
-31.200000 -14.170000
-31.200000 13.910000
-15.600000 -14.560000
-15.600000 14.430000
0.000000 -14.560000
0.000000 14.430000
15.600000 -14.170000
15.600000 13.910000
31.200000 -13.130000
31.200000 12.870000
46.800000 -11.830000
46.800000 11.700000
62.400000 -10.140000
62.400000 9.880000
78.000000 -8.450000
78.000000 8.190000
93.600000 -5.980000
93.600000 9.490000
0.000000 0.000000
0.000000 0.000000
0.000000 0.000000
0.000000 0.000000
