28
77750090333426973799809195228611465730955607920922491295761432576.000000 6571733825801564292453788443393749453379069017321278129756438528.000000
77750090333426973799809195228611465730955607920922491295761432576.000000 -4905660461513847266976466672582603037401580558959733554727092224.000000
66642934571508833015263153246349349822322140827895827218158321664.000000 8793164978185191864762341907485005353631829349413403082904043520.000000
66642934571508833015263153246349349822322140827895827218158321664.000000 -7312210876596108765225489372628059025043099416396012655382364160.000000
55535778809590703922730209911310579543167335465133320388015554560.000000 9996440185726325536890127919313569754822254210697581945096765440.000000
55535778809590703922730209911310579543167335465133320388015554560.000000 -9903880554377007112418255970433551507443042231742485215410388992.000000
44428623047672557292177618605436790819794537506974577686682271744.000000 11384834655966093134958383167096334243401437597325914954797154304.000000
44428623047672557292177618605436790819794537506974577686682271744.000000 -11292275024616774710486511218216315996022225618370818225110777856.000000
33321467285754410661625027299563002096421739548815834985348988928.000000 12125311706760634684726809434524807407695802563834610168557993984.000000
33321467285754410661625027299563002096421739548815834985348988928.000000 -12032752075411316260254937485644789160316590584879513438871617536.000000
22214311523836281569092083964524231817266934186053328155206221824.000000 12310430969459270072168916001381925698769393805461783971998203904.000000
22214311523836281569092083964524231817266934186053328155206221824.000000 -12217871338109953109198681383404825655075014542789706898244370432.000000
11107155761918140784546041982262115908633467093026664077603110912.000000 12773229126205859271525001083976180528295788267671228308565000192.000000
11107155761918140784546041982262115908633467093026664077603110912.000000 -12680669494856542308554766465999080484601409004999151234811166720.000000
0.000000 12773229126205859271525001083976180528295788267671228308565000192.000000
0.000000 -12680669494856542308554766465999080484601409004999151234811166720.000000
-11107155761918140784546041982262115908633467093026664077603110912.000000 12588109863507223884082894517119062237222197026044054505124790272.000000
-11107155761918140784546041982262115908633467093026664077603110912.000000 -12495550232157905459611022568239043989842985047088957775438413824.000000
-22214311523836293261105182611747577446745595916317485402666565632.000000 11940192444061999297284702867667689116622211322207436365117784064.000000
-22214311523836293261105182611747577446745595916317485402666565632.000000 -11847632812712685257317742911496425480297497492101398603229036544.000000
-33321467285754410661625027299563002096421739548815834985348988928.000000 10922036499219503935602298084502079413875043135116470618230358016.000000
-33321467285754410661625027299563002096421739548815834985348988928.000000 -10829476867870185511130426135622061166495831156161373888543981568.000000
-44428623047672551446171069281825118005055206641842499062952099840.000000 9996440185726325536890127919313569754822254210697581945096765440.000000
-44428623047672551446171069281825118005055206641842499062952099840.000000 -9903880554377007112418255970433551507443042231742485215410388992.000000
-55535778809590692230717111264087233913688673734869163140555210752.000000 7960128296041331890522043691176513941958252403949611139456827392.000000
-55535778809590692230717111264087233913688673734869163140555210752.000000 -7867568664692013466050171742296495694579040424994514409770450944.000000
-66642934571508833015263153246349349822322140827895827218158321664.000000 6941972351198837990341276238913822442895916933141665048501944320.000000
-66642934571508833015263153246349349822322140827895827218158321664.000000 -6849412719849519565869404290033804195516704954186568318815567872.000000
0.000000 0.000000
0.000000 0.000000
0.000000 0.000000
0.000000 0.000000
