28
-109.200000 -6.240000
-109.200000 6.110000
-93.600000 -9.360000
-93.600000 9.230000
-78.000000 -11.960000
-78.000000 11.440000
-62.400000 -13.390000
-62.400000 13.260000
-46.800000 -14.820000
-46.800000 14.690000
-31.200000 -15.990000
-31.200000 15.860000
-15.600000 -16.510000
-15.600000 16.380000
0.000000 -16.640000
0.000000 16.510000
15.600000 -15.990000
15.600000 15.860000
31.200000 -14.820000
31.200000 14.690000
46.800000 -13.520000
46.800000 13.390000
62.400000 -11.700000
62.400000 11.570000
78.000000 -9.490000
78.000000 9.360000
93.600000 -7.020000
93.600000 6.890000
0.000000 0.000000
0.000000 0.000000
0.000000 0.000000
0.000000 0.000000
